Testing VL234 library
----------------------------------

+ Test2DStuff

x: [1 2], y: [5 6]

x + y * (y * x * 2) : [51 146]
x dot y               : 17
cross(x)    : [-2 1]
len         : 2.23607
sqrlen      : 5
norm        : [0.447214 0.894427]
len of norm : 1

M       : [[1 2]
 [3 4]]

M * x   : [5 11]
x * M   : [7 10]
adj     : [[4 -3]
 [-2 1]]

det     : -2
trace   : 5
inv     :
[[-2 1]
 [1.5 -0.5]]

M * inv :
[[1 0]
 [0 1]]

Vec2 consts: [0 0][1 0][0 1][1 1]
Mat2 consts:
[[0 0]
 [0 0]]

[[1 0]
 [0 1]]

[[1 1]
 [1 1]]


M       :
[[0.534998 -0.963558]
 [1.92712 0.267499]]

M * x   : [-1.39212 2.46211]
x * M   : [4.38923 -0.42856]
adj     : [[0.267499 -1.92712]
 [0.963558 0.534998]]

det     : 2
trace   : 0.802497
inv     :
[[0.133749 0.481779]
 [-0.963558 0.267499]]

M * inv :
[[1 0]
 [0 1]]

M *= I  :
[[0.534998 -0.963558]
 [1.92712 0.267499]]

M *= N  :
[[-0.500671 -2.70037]
 [5.40074 -1.25034]]

M += N  :
[[2.03433 -3.66393]
 [7.32785 1.01716]]

M -= N  :
[[-0.500671 -2.70037]
 [5.40074 -1.25034]]

M *= 6/3:
[[-1.00134 -5.40074]
 [10.8015 -2.50067]]


+ Test3DStuff

x: [1 2 3], y: [5 6 7]

x + y * (y * x * 2) : [51 146 297]
x dot y               : 38
cross(x,y)  : [-4 8 -4]
cross(x, y) . x : 0
cross(x, y) . y : 0
len         : 3.74166
sqrlen      : 14
norm        : [0.267261 0.534522 0.801784]
len of norm : 1

M       :
[[1 2 3]
 [3 2 1]
 [2 1 3]]

M * x   : [14 10 13]
x * M   : [13 9 14]
adj     : [[5 -7 -1]
 [-3 -3 3]
 [-4 8 -4]]

det     : -12
trace   : 6
inv     :
[[-0.416667 0.25 0.333333]
 [0.583333 0.25 -0.666667]
 [0.0833333 -0.25 0.333333]]

M * inv :
[[1 0 0]
 [0 1 0]
 [0 0 1]]

Vec3 consts: [0 0 0][1 0 0][0 1 0][0 0 1][1 1 1]
Mat3 consts:
[[0 0 0]
 [0 0 0]
 [0 0 0]]

[[1 0 0]
 [0 1 0]
 [0 0 1]]

[[1 1 1]
 [1 1 1]
 [1 1 1]]


M       :
[[0.534998 0 1.92712]
 [0 4 0]
 [-1.92712 0 0.534998]]

M * x   : [6.31635 8 -0.322123]
x * M   : [-5.24635 8 3.53211]
adj     : [[2.13999 0 7.70847]
 [0 4 0]
 [-7.70847 0 2.13999]]

det     : 16
trace   : 5.07
inv     :
[[0.133749 0 -0.481779]
 [0 0.25 0]
 [0.481779 0 0.133749]]

M * inv :
[[1 0 0]
 [0 1 0]
 [0 0 1]]

M *= I  :
[[0.534998 0 1.92712]
 [0 4 0]
 [-1.92712 0 0.534998]]

M *= N  :
[[-2.35756 0 5.91624]
 [0 24 0]
 [-5.91624 0 -2.35756]]

M += N  :
[[0.177438 0 7.84336]
 [0 30 0]
 [-7.84336 0 0.177438]]

M -= N  :
[[-2.35756 0 5.91624]
 [0 24 0]
 [-5.91624 0 -2.35756]]

M *= 6/3:
[[-4.71512 0 11.8325]
 [0 48 0]
 [-11.8325 0 -4.71512]]


+ Test4DStuff

x: [1 2 3 4], y: [5 6 7 8], z: [1 0 0 0]

x + y * (z * x * 2) : [11 2 3 4]
x dot y               : 70

cross(x,y,z)   : [0 4 -8 4]
cross(x,y,z).x : 0
cross(x,y,z).y : 0
cross(x,y,z).z : 0
len            : 5.47723
sqrlen         : 30
norm           : [0.182574 0.365148 0.547723 0.730297]
len of norm    : 1

M       :
[[1 2 3 0]
 [2 3 0 5]
 [3 0 5 6]
 [0 5 6 7]]

M * x   : [14 28 42 56]
x * M   : [14 28 42 56]
adj     : [[-128 -88 -48 104]
 [-88 -64 72 -16]
 [-48 72 -32 -24]
 [104 -16 -24 -32]]

det     : -448
trace   : 16
inv     :
[[0.285714 0.196429 0.107143 -0.232143]
 [0.196429 0.142857 -0.160714 0.0357143]
 [0.107143 -0.160714 0.0714286 0.0535714]
 [-0.232143 0.0357143 0.0535714 0.0714286]]

M * inv :
[[1 0 0 0]
 [0 1 0 0]
 [0 0 1 0]
 [0 0 0 1]]

Vec4 consts: [0 0 0 0][1 0 0 0][0 1 0 0][0 0 1 0][0 0 0 1][1 1 1 1]
Mat4 consts:
[[0 0 0 0]
 [0 0 0 0]
 [0 0 0 0]
 [0 0 0 0]]

[[1 0 0 0]
 [0 1 0 0]
 [0 0 1 0]
 [0 0 0 1]]

[[1 1 1 1]
 [1 1 1 1]
 [1 1 1 1]
 [1 1 1 1]]


M       :
[[0.619246 0 1.90172 0]
 [0 3 0 0]
 [-3.80344 0 1.23849 0]
 [0 0 0 1]]

M * x   : [6.3244 6 -0.0879638 4]
x * M   : [-10.7911 6 5.61719 4]
adj     : [[3.71547 0 11.4103 0]
 [0 8 0 0]
 [-5.70516 0 1.85774 0]
 [0 0 0 24]]

det     : 24
trace   : 5.85774
inv     :
[[0.154811 0 -0.237715 0]
 [0 0.333333 0 0]
 [0.47543 0 0.0774057 0]
 [0 0 0 1]]

M * inv :
[[1 0 0 0]
 [0 1 0 0]
 [0 0 1 0]
 [0 0 0 1]]

M *= I  :
[[0.619246 0 1.90172 0]
 [0 3 0 0]
 [-3.80344 0 1.23849 0]
 [0 0 0 1]]

M *= N  :
[[-5.61111 0 7.33633 0]
 [0 15 0 0]
 [-14.6727 0 -3.22223 0]
 [0 0 0 3]]

M += N  :
[[-2.99187 0 9.23805 0]
 [0 20 0 0]
 [-18.4761 0 0.0162652 0]
 [0 0 0 6]]

M -= N:
[[-5.61111 0 7.33633 0]
 [0 15 0 0]
 [-14.6727 0 -3.22223 0]
 [0 0 0 3]]

M *= 6/3 :
[[-11.2222 0 14.6727 0]
 [0 30 0 0]
 [-29.3453 0 -6.44445 0]
 [0 0 0 6]]


+ TestH2DStuff

x is: [1 2]
rot(pi/2) is: [[0 -1]
 [1 0]]

x after rot(pi/2) is: [-2 1]
x after scale(0.3, 0.2) is: [-0.6 0.2]
y is: [-0.6 0.2 0.5]
proj(y) is: [-1.2 0.4]
HRot3(1.3) * HTrans3(Vec2(1,1)) * HScale3(Vec2(1,2)) * y = [-1.7879 0.288786]

+ TestH3DStuff

x is: [1 2 3]
rot(pi/2, vl_x) is: [[1 0 0]
 [0 0 -1]
 [0 1 0]]

x after rot(pi/2, vl_x) is: [1 3 -2]
x after scale(0.3, 0.2, 0.3) is: [0.3 0.6 -0.6]
y is: [0.3 0.6 -0.6 0.5]
proj(y) is: [0.6 1.2 -1.2]
HRot4(vl_x, 1.3) * HTrans4(vl_1) * HScale4(Vec3(1,2,1)) * y = [1.6 1.10221 3.2226]

+ TestComparisons

1:0
1:0
1:0
0:1
0:1
0:1


--- Finished! ---
