Testing VL234i library
----------------------------------

+ Test2DStuff

x: [1 2], y: [5 6]

x + y * (y * x * 2) : [51 146]
x dot y               : 17
cross(x)    : [-2 1]
len         : 2.23607
sqrlen      : 5
norm        : [0.447214 0.894427]
len of norm : 1

M       : [[1 2]
 [3 4]]

M * x   : [5 11]
x * M   : [7 10]
adj     : [[4 -3]
 [-2 1]]

det     : -2
trace   : 5
inv     :
[[-2 1]
 [1.5 -0.5]]

M * inv :
[[1 0]
 [0 1]]

Vec2 consts: [0 0][1 0][0 1][1 1]
Mat2 consts:
[[0 0]
 [0 0]]

[[1 0]
 [0 1]]

[[1 1]
 [1 1]]


M       :
[[1 2]
 [5 6]]

M * x   : [5 17]
x * M   : [11 14]
adj     : [[6 -5]
 [-2 1]]

det     : -4
trace   : 7
inv     :
[[-1.5 0.5]
 [1.25 -0.25]]

M * inv :
[[1 0]
 [0 1]]

M *= I  :
[[1 2]
 [5 6]]

M *= N  :
[[13 18]
 [45 58]]

M += N  :
[[16 20]
 [50 66]]

M -= N  :
[[13 18]
 [45 58]]

M *= 6/3:
[[26 36]
 [90 116]]


+ Test3DStuff

x: [1 2 3], y: [5 6 7]

x + y * (y * x * 2) : [51 146 297]
x dot y               : 38
cross(x,y)  : [-4 8 -4]
cross(x, y) . x : 0
cross(x, y) . y : 0
len         : 3.74166
sqrlen      : 14
norm        : [0.267261 0.534522 0.801784]
len of norm : 1

M       :
[[1 2 3]
 [3 2 1]
 [2 1 3]]

M * x   : [14 10 13]
x * M   : [13 9 14]
adj     : [[5 -7 -1]
 [-3 -3 3]
 [-4 8 -4]]

det     : -12
trace   : 6
inv     :
[[-0.416667 0.25 0.333333]
 [0.583333 0.25 -0.666667]
 [0.0833333 -0.25 0.333333]]

M * inv :
[[1 0 0]
 [0 1 0]
 [0 0 1]]

Vec3 consts: [0 0 0][1 0 0][0 1 0][0 0 1][1 1 1]
Mat3 consts:
[[0 0 0]
 [0 0 0]
 [0 0 0]]

[[1 0 0]
 [0 1 0]
 [0 0 1]]

[[1 1 1]
 [1 1 1]
 [1 1 1]]


M       :
[[1 2 3]
 [5 6 7]
 [0 0 1]]

M * x   : [14 38 3]
x * M   : [11 14 20]
adj     : [[6 -5 0]
 [-2 1 0]
 [-4 8 -4]]

det     : -4
trace   : 8
inv     :
[[-1.5 0.5 1]
 [1.25 -0.25 -2]
 [0 0 1]]

M * inv :
[[1 0 0]
 [0 1 0]
 [0 0 1]]

M *= I  :
[[1 2 3]
 [5 6 7]
 [0 0 1]]

M *= N  :
[[13 18 26]
 [45 58 78]
 [0 0 3]]

M += N  :
[[16 20 29]
 [50 66 85]
 [0 0 6]]

M -= N  :
[[13 18 26]
 [45 58 78]
 [0 0 3]]

M *= 6/3:
[[26 36 52]
 [90 116 156]
 [0 0 6]]


+ Test4DStuff

x: [1 2 3 4], y: [5 6 7 8], z: [1 0 0 0]

x + y * (z * x * 2) : [11 2 3 4]
x dot y               : 70

cross(x,y,z)   : [0 4 -8 4]
cross(x,y,z).x : 0
cross(x,y,z).y : 0
cross(x,y,z).z : 0
len            : 5.47723
sqrlen         : 30
norm           : [0.182574 0.365148 0.547723 0.730297]
len of norm    : 1

M       :
[[1 2 3 0]
 [2 3 0 5]
 [3 0 5 6]
 [0 5 6 7]]

M * x   : [14 28 42 56]
x * M   : [14 28 42 56]
adj     : [[-128 -88 -48 104]
 [-88 -64 72 -16]
 [-48 72 -32 -24]
 [104 -16 -24 -32]]

det     : -448
trace   : 16
inv     :
[[0.285714 0.196429 0.107143 -0.232143]
 [0.196429 0.142857 -0.160714 0.0357143]
 [0.107143 -0.160714 0.0714286 0.0535714]
 [-0.232143 0.0357143 0.0535714 0.0714286]]

M * inv :
[[1 0 0 0]
 [0 1 0 0]
 [0 0 1 0]
 [0 0 0 1]]

Vec4 consts: [0 0 0 0][1 0 0 0][0 1 0 0][0 0 1 0][0 0 0 1][1 1 1 1]
Mat4 consts:
[[0 0 0 0]
 [0 0 0 0]
 [0 0 0 0]
 [0 0 0 0]]

[[1 0 0 0]
 [0 1 0 0]
 [0 0 1 0]
 [0 0 0 1]]

[[1 1 1 1]
 [1 1 1 1]
 [1 1 1 1]
 [1 1 1 1]]


M       :
[[1 2 3 4]
 [5 6 7 8]
 [0 0 0 -1]
 [0 1 0 0]]

M * x   : [30 70 -4 2]
x * M   : [11 18 17 17]
adj     : [[-7 0 5 0]
 [3 0 -1 0]
 [-4 0 12 -8]
 [-4 8 -4 0]]

det     : 8
trace   : 7
inv     :
[[-0.875 0.375 -0.5 -0.5]
 [0 0 0 1]
 [0.625 -0.125 1.5 -0.5]
 [0 0 -1 0]]

M * inv :
[[1 0 0 0]
 [0 1 0 0]
 [0 0 1 0]
 [0 0 0 1]]

M *= I  :
[[1 2 3 4]
 [5 6 7 8]
 [0 0 0 -1]
 [0 1 0 0]]

M *= N  :
[[13 22 23 25]
 [45 66 71 77]
 [0 -1 0 -2]
 [5 8 7 8]]

M += N  :
[[16 24 26 29]
 [50 74 78 85]
 [0 -1 2 -3]
 [5 9 7 10]]

M -= N:
[[13 22 23 25]
 [45 66 71 77]
 [0 -1 0 -2]
 [5 8 7 8]]

M *= 6/3 :
[[26 44 46 50]
 [90 132 142 154]
 [0 -2 0 -4]
 [10 16 14 16]]


+ TestComparisons

1:0
1:0
1:0
0:1
0:1
0:1


--- Finished! ---
